64929
64936
64961
64995
65294
65306
65307
65330
65365
65402
65541
65700
65752
65875
66093
66157
66181
66245
66325
66376
66384
66683
66800
67360
67467
67838
67847
68144
68196
68292
68419
68830
69032
69199
69550
69586
69649
69796
69892
70033
70092
70228
70332
70519
70578
71175
71176
71271
71298
71475
71563
71985
72304
72696
72726
72980
72996
73139
73219
75034
75070
75100
75104
75107
75175
75182
75186
75233
75241
75285
75316
75320
75342
75460
75470
75510
75517
75526
75556
75578
75591
75603
75605
75607
75649
75654
75694
75714
75825
75828
75831
75844
75854
75905
75906
75912
75976
75985
76076
76081
76082
76095
76123
76128
76135
76136
76185
76201
76215
76224
76226
76230
76261
76274
76279
76282
76392
76477
76478
76504
76515
76529
76568
76573
76582
76586
76591
76605
76614
76639
76644
76661
76672
76684
76686
76708
76709
76711
76712
76721
76722
76732
76736
76744
76750
76752
76788
76795
76798
76804
76837
76838
76839
76841
76856
76868
76892
76927
76948
76961
77037
77090
77114
77117
77120
77157
77165
77178
77182
77191
77208
77217
77236
77256
77274
77279
77300
77338
77354
77357
77366
77379
77413
77415
77418
77420
77447
77453
77462
77496
77501
77516
77519
77520
77526
77528
77584
77595
77605
77606
77610
77629
77637
77643
77649
77659
77660
77661
77668
77669
77679
77702
77730
77735
77763
77768
77780
77785
77790
77862
77902
77917
77918
77920
77971
78001
78015
78034
78038
78044
78045
78077
78081
78137
78156
78170
78201
78211
78223
78418
78447
78451
78527
78664
78688
78693
78701
78756
78759
78763
78829
78840
78875
78876
78900
78903
78915
78916
78950
78963
78971
78975
78981
78987
79007
79013
79026
79037
79057
79072
79089
79094
79103
79108
79116
79131
79133
79145
79150
79166
79195
79198
79210
79237
79244
79248
79249
79265
79299
79303
79307
79323
79338
79382
79491
79507
79545
79564
79571
79611
79637
79667
79668
79678
79686
79698
79731
79734
79747
79758
79776
79785
79790
79791
79796
79824
79839
79841
79851
79857
79859
79862
79864
79866
79878
79879
79881
79906
79909
79915
80007
80034
80050
80054
80072
80080
80128
80167
80169
80179
80185
80191
80193
80204
80223
80233
80236
80254
80276
80286
80294
80303
80306
80307
80320
80329
80336
80341
80343
80362
80368
80375
80415
80432
80478
80498
80539
80563
80575
80635
80640
80719
80759
80791
80795
80828
80857
80864
80926
80928
80951
80957
80969
80990
81010
81013
81055
81061
81073
81084
81095
81116
81132
81134
81184
81208
81220
81222
81241
81254
81278
81282
81292
81294
81472
81481
81501
81527
81540
81541
81564
81566
81577
81584
81598
81610
81620
81655
81665
81666
81677
81678
81696
81728
81734
81736
81740
81774
81784
81912
82107
82176
82179
82212
82251
82261
82272
82276
82279
82287
82292
82298
82303
82307
82311
82486
82508
82515
82518
82547
82552
82567
82573
82575
82581
82587
82598
82599
82607
82634
82642
82649
82651
82656
82686
82694
82702
82759
82775
82777
82800
82831
82833
82855
82859
82924
82932
83011
83111
83112
83120
83124
83145
83148
83155
83186
83233
83244
83264
83272
83304
83366
83382
83390
83414
83421
83422
83443
83462
83469
83503
83504
83509
83534
83547
83597
83601
83621
83639
83642
83661
83671
83683
83686
83690
83720
83728
83738
83774
83779
83799
83815
83822
83827
83856
83862
83903
83906
83909
83916
83969
83976
83989
84010
84032
84041
84042
84062
84084
84103
84129
84172
84176
84184
84207
84210
84226
84234
84262
84275
84319
84338
84348
84365
84372
84373
84375
84381
84385
84389
84397
84403
84438
84516
84519
84563
84566
84588
84597
84606
84607
84621
84624
84636
84651
84656
84725
84734
84737
84749
84761
84769
84776
84780
84788
84827
85002
85019
85020
85035
85040
85059
85067
85072
85077
85079
85168
85176
85177
85187
85198
85246
85257
85259
85261
85269
85280
85299
85319
85346
85348
85349
85372
85390
85394
85397
85418
85419
85424
85427
85440
85449
85459
85464
85482
85488
85517
85567
85570
85571
85593
85621
85627
85631
85645
85653
85656
85663
85675
85686
85710
85724
85725
85726
85731
85738
85741
85744
85751
85753
85768
85789
85792
85796
85798
85860
85863
85875
85883
85886
85889
85908
85913
85914
85925
85926
85931
85939
85945
85951
85966
85972
85982
85991
85992
86004
86021
86026
86047
86048
86051
86072
86091
86092
86102
86106
86115
86121
86124
86128
86136
86144
86157
86158
86165
86196
86211
86228
86242
86270
86287
86288
86299
86302
86305
86312
86314
86356
86362
86382
86384
86408
86432
86435
86444
86489
86544
86547
86560
86572
86573
86578
86580
86582
86593
86594
86717
86719
86745
86763
86778
86783
86799
86810
86814
86818
86820
86822
86827
86868
86876
86881
86889
86896
86899
86929
86949
86964
86965
86979
87000
87006
87014
87034
87055
87056
87066
87067
87069
87075
87077
87078
87086
87114
87121
87137
87162
87167
87168
87179
87184
87214
87251
87267
87268
87269
87299
87318
87356
87361
87379
87390
87394
87415
87426
87430
87432
87445
87447
87464
87476
87487
87496
87501
87505
87510
87525
87532
87541
87614
87657
87659
87717
87725
87789
87812
87842
87952
88031
88152
88159
88167
88173
88174
88181
88182
88183
88196
88197
88203
88264
88266
88280
88281
88284
88319
88341
88343
88351
88352
88360
88367
88368
88379
88417
88436
88439
88446
88485
88495
88504
88545
88568
88590
88597
88615
88648
88661
88664
88668
88742
88790
88792
88820
88837
88841
88845
88853
88857
88860
88863
88865
88873
88895
88897
88908
88912
88924
88944
88949
88963
88965
88970
88984
88988
89002
89003
89006
89014
89017
89031
89036
89044
89063
89070
89071
89110
89134
89138
89139
89141
89155
89167
89168
89179
89195
89199
89203
89207
89211
89215
89216
89217
89230
89244
89258
89262
89269
89270
89279
89290
89297
89301
89307
89317
89323
89327
89353
89369
89387
89393
89394
89395
89397
89406
89409
89413
89416
89425
89443
89444
89447
89449
89453
89455
89456
89482
89506
89508
89509
89525
89533
89540
89546
89572
89573
89574
89575
89606
89618
89626
89641
89643
89653
89655
89681
89731
89736
89738
89753
89757
89781
89789
89792
89800
89810
89824
89826
89828
89841
89866
89875
89876
89900
89901
89904
89905
89908
89913
89915
89916
89922
89938
89941
89942
89946
89952
89960
89964
89968
89971
89977
90011
90012
90037
90038
90071
90080
90081
90082
90090
90097
90120
90125
90126
90164
90175
90177
90178
90179
90188
90194
90199
90213
90215
90219
90221
90227
90228
90233
90248
90249
90272
90274
90276
90303
90312
90314
90319
90352
90353
90354
90358
90371
90377
90386
90399
90400
90409
90421
90423
90427
90436
90440
90441
90442
90444
90454
90455
90458
90464
90470
90490
90505
90507
90516
90517
90520
90531
90534
90544
90550
90558
90562
90564
90568
90569
90590
90591
90600
90601
90603
90605
90634
90637
90657
90664
90672
90701
90706
90708
90711
90715
90716
90718
90720
90734
90751
90756
90775
90776
90795
90796
90803
90805
90806
90808
90825
90829
90853
90856
90866
90868
90870
90871
90875
90880
90900
90902
90913
90925
90948
90949
90952
90957
90961
90963
90971
90978
90979
90982
90983
90984
90988
90993
91015
91018
91024
91040
91041
91063
91065
91066
91068
91075
91080
91086
91090
91095
91103
91114
91128
91152
91161
91171
91186
91204
91215
91233
91234
91237
91262
91274
91277
91278
91279
91283
91299
91356
91357
91360
91363
91365
91366
91392
91402
91403
91413
91416
91426
91431
91432
91446
91461
91463
91468
91486
91488
91498
91500
91503
91514
91516
91531
91547
91556
91571
91575
91579
91594
91602
91603
91605
91607
91611
91614
91618
91622
91625
91658
91659
91668
91672
91674
91678
91683
91688
91692
91733
91743
91750
91813
91815
91818
91821
91822
91832
91849
91854
91855
91901
91902
91907
91915
91926
91937
91959
91968
91975
91977
91979
91983
92010
92029
92032
92034
92040
92041
92043
92044
92050
92052
92089
92095
92096
92111
92121
92143
92157
92184
92188
92191
92195
92203
92210
92220
92221
92226
92229
92239
92245
92257
92259
92261
92293
92296
92303
92314
92318
92322
92326
92354
92379
92400
92402
92428
92432
92443
92457
92467
92469
92470
92471
92493
92502
92506
92523
92530
92570
92587
92588
92593
92596
92597
92602
92611
92614
92618
92635
92648
92655
92684
92685
92709
92716
92729
92753
92769
92771
92772
92773
92775
92777
92778
92780
92782
92808
92810
92852
92854
92871
92872
92873
92878
92902
92913
92919
92924
92940
92949
92981
92984
92987
93002
93031
93035
93065
93071
93073
93079
93085
93089
93096
93098
93101
93123
93128
93132
93149
93150
93159
93174
93175
93179
93188
93189
93233
93246
93264
93272
93289
93295
93296
93304
93305
93312
93330
93340
93354
93356
93372
93373
93374
93384
93393
93397
93401
93420
93422
93423
93426
93427
93428
93429
93436
65008
66739
67029
75033
75860
76613
76946
77175
77425
77488
77505
77630
77889
78213
78908
78985
79444
80069
80655
80912
80924
82670
83910
83950
84511
85314
86067
87016
87227
87236
87321
87589
87656
88195
88421
88427
88729
89109
89548
89630
89756
89790
89925
90029
90031
90101
90430
90494
90496
90539
90604
90710
90885
91176
91184
91349
91355
91471
91604
91741
91814
91910
92213
92809
93004
93263
93266
93345
93368
93369
80517
90783
77205
79399
87825
90907
92589
78955
85320
87043
88260
93095
83633
91665
65285
75853
76038
77282
78569
79033
79996
80633
81021
81560
81593
81621
82281
82555
82779
84833
85401
86819
88462
88507
88518
88779
88807
89202
89424
89648
89692
89891
89973
90682
90943
91082
91348
91359
91437
91453
91472
91560
91609
91727
91900
92108
92405
92518
93299
75489
79884
80987
86709
89213
90200
90914
91600
91655
91666
92207
92478
92528
77569
83565
86989
84820
90417
89445
77271
77281
78172
79315
85839
89048
90763
90956
92038
65154
65584
66617
66852
68591
68857
70308
70500
70536
73809
74406
75215
75222
75224
75509
75577
75646
76052
76100
76127
76138
76139
76148
76149
76202
76207
76584
76624
76671
76695
76697
76847
77007
77043
77292
77340
77478
77530
77729
77868
77897
78018
78033
78054
78139
78168
78231
78749
78841
78877
78881
78977
78990
79025
79159
79411
79588
79628
79724
79730
79903
80049
80079
80113
80266
80361
80524
80560
80569
80592
80625
80808
80918
81138
81162
81165
81173
81256
81311
81702
81705
81776
81857
82196
82513
82541
82546
82618
82643
82644
82664
82699
83143
83152
83239
83247
83307
83405
83413
83435
83520
83529
83616
83834
83879
83883
83961
84007
84060
84168
84203
84255
84263
84320
84325
84342
84364
84531
84808
85173
85208
85271
85496
85511
85522
85559
85576
85635
85705
85799
85909
85963
85994
85996
86042
86062
86097
86178
86250
86322
86440
86525
86595
86720
86793
86809
86830
86866
86926
86946
86993
86996
87020
87070
87092
87139
87160
87165
87255
87261
87264
87345
87498
87602
87612
87696
87771
88148
88166
88172
88207
88239
88258
88313
88330
88331
88434
88451
88458
88475
88516
88534
88635
88739
88740
88750
88786
88811
88814
88882
88940
88987
88989
88991
89004
89008
89025
89046
89105
89277
89289
89329
89349
89386
89440
89471
89557
89558
89565
89611
89617
89642
89694
89793
89799
89821
89849
89920
89935
89954
89976
90052
90067
90085
90086
90110
90162
90187
90192
90210
90232
90238
90275
90279
90285
90313
90316
90339
90359
90374
90404
90478
90515
90533
90537
90540
90548
90630
90700
90730
90742
90748
90752
90779
90786
90792
90807
90831
90833
90849
90865
90867
90940
90950
90965
90989
90992
91020
91032
91073
91096
91099
91100
91141
91207
91303
91350
91367
91371
91391
91393
91419
91434
91485
91501
91621
91650
91883
91888
91905
91954
92021
92035
92093
92102
92132
92156
92172
92177
92183
92205
92215
92227
92232
92282
92302
92320
92378
92395
92429
92454
92464
92497
92527
92555
92621
92640
92679
92758
92765
92776
92851
92890
92894
92917
92931
92983
92988
93040
93043
93091
93152
93185
93222
93223
93234
93271
93338
93339
93387
84140
85728
75573
75596
77507
79618
83622
84413
84581
85502
87583
87652
88839
90724
91491
91967
92020
92230
80012
81128
91965
90536
91736
81925
86236
87172
85706
83844
80804
82540
87785
90088
90561
92224
92421
92448
93297
93398
93400
78051
79586
83391
86155
86840
87841
89452
89530
90280
91507
93047
80112
88340
90223
89615
83291
90589
90487
77699
81546
80812
90007
89659
80357
85829
89411
75527
80544
